GRID 51 0 0 50 50
001010001111010101101000100001000000000100100111110
100011100010000000010011000000001000001010100001000
010010100100110111010010000100001000000111110001011
001110000010001000010010011100010001011000000000100
110000000010011110110100110100001010001100101001100
001000000000100000011000100000000000001001100001000
000000010101000100011100000011001001010000001110010
000111101100010011100001100001111100000001100111000
110010110000100000100000000111000100100000101110000
000101011000000010000101110100001001001001000000110
010100111000110110110100100000000100011010001110001
010101101000010010010011000000010001000000000000000
101110010100000001001110000110010011000010010011000
000011010010100000000000111010000001000000100001000
110001101101100110110010011010000001101000010011000
000000011000000000100000110001000100000101100110111
101011001000010100000101110100011000000000000011000
101101000000000101100010000000101001110010000000100
100001100000000000100000011100011010111110010110001
001010110100011000010101101010000001000101001000110
010101011111000111000000100110100000111010110101000
010000000100110110000001000000000001000000101110100
101000010101000000000000111000100100011001000100000
110001101011000010010100100000000000101010111100001
001000000001100001101100100000000000010000000100010
111001001010100001000010000110000001011100100010100
011100010000101011000100111000000100001000110100000
101000101110000101001011101010100110000100010101101
111000010000000000101000001000001011000010001111000
001110000001111000000011000000100100110111101000110
011001001000011001100001101010010000101111000100001
101010110001000100000010000000000010010101000110010
010101000000010100100001000000010000001101000100010
000000110000100000100001100000101000100010100000000
001011001001110001001000101001000011001100101101010
111000001011110010110011111010100101000000000000000
010000000100110001110000101000000000010000001011000
010111000000010011000010001100000010100000011100000
000000101000000100011000011100001001111000000110100
100001000001010100111000001000010000010100100111011
001000010100100010001110100001100010000000110010000
000000000100000000010001000110000111110110110000100
010100101000010101000000011010010111000100010001000
100000000100100100110100000000101000001100000000110
011000001011000101110100110110001000100000010000010
010100000000101011010000010001000000101100010010000
101001000000101000001000111101011010100100111100000
001011000111010110000000100100000101001000100000000
000010000100000100001000101001110011010100010101101
001000000010111101000000010001100100011010100010010
101000110101000001001000010010000010000100000101000
