GRID 51 0 0 50 50
001001000011010101100100000010010101100101000011100
001000000010100100001010101100100000100100011001001
100001000000010000100000100011100010000110000011000
010100100101000110100111101100000100111000100010100
000001001000001010010000010000000000110010010100000
010000001010000000000000101010010001001000010001100
000000001001010001011010111000000001100010000100010
000111101011010010011000011011000010100111100000110
100000010000000000100100001000100001100110000000100
010010100100010010100000010000000000000010110011000
100000111110100000010011100100100001101100010100000
010110000100100010001001000000001010101010000101111
100000000010010110110001000101010000000101010000100
111001001001000110111001100000000010000001001001001
010001000001100000000101000110010010101000010000000
110001000000101011010000001100011000110001000000111
010111010010000000010000000100100101101011000001000
010100100010010111001010000111010010010000101001000
001010000000000000010101000001001100011011000010000
110000001000000010001000000010000001000011000000000
100100100100000010011010000110010000100000000000101
000001101000000101000000010001001110000100100000010
000000000101111000010110000000001111010010001010000
000100011000000001101101000000110001101010110100000
000000011100001100100100000000001000001000011100010
111000001110000000000100010110000100000110101001010
010001010000010010010100010000000011000110110111000
010000110000100000110000010011100100000100000000010
000000100100001010011011001000001011110000010011000
000000000000111000000100001111000010001010000000000
001000000100000001010000000001010000100000000000000
011000001101000001010101000010000001000000101110000
101000000101100010001100001000000000110100000000001
000000010010101100010101000000101011010000000011010
000010000010001100100010100000110000000100001010010
100000001101001010001001100100001010001000000000100
100100010100101000010100110100010001101101011010001
001000011000010011000110001010100010100001101000100
001001000000001010010001000000000001000000011010000
010000101001100101000000001110000001011011000101101
000000000000000101000100010001100000011101000000000
100001100000000000101001010001100101010000000000011
101101111000000001000000000100010000111101010100000
110000000110001100000111000000111100000000100000111
010110001011110100011100011100010010000001000110000
010001000001000010010011010101100011100001101010100
000000000010111110001010000000000100000000000000011
000010001001010000000110100000001000101100100100001
001010010111000001001000011100000010001010001010101
100100110100100010000100100101101100010000011000100
000000010000010000000011000110100000110001100000000
