GRID 51 0 0 50 50
011001000000100001111000100001011001010100000000001
100100010010000110000111001000000100001101010000000
100000000001101110010101100100100000000010010001000
100010110100011000001110000001000010011100000011100
000000010000110000110000100110010100000000000010000
100000001010100110101111000100011100100001001010000
011010100010100001000001001010100010000001110000010
010100000010000000010100000010101000111000011100100
111000001011011110010100000100010001110001010001100
000110100000100110001100001000100111010101010100110
100001010100011000110000011101000000100010100001001
000001101000000011100001101001000001110100000100000
011100110101010010001100001100001011110010101011110
000010010010010001101100000000001000100010000010001
101011000000100000001100100001011101010000001000111
110001010111000000110010100010010000000000101000000
000000001010110100000001000110000100000011001010011
011110000000001101100110001001101010000101111001100
001001100000100111001000101010000000100011001010100
000000010000000000110100001100010110000001001001100
100001000001000010010000000010100000000010001001100
010111001100000000000100010000000011100000010010001
100001000000101100001001001001010000001101000100001
000000110010101000100101010101010110000100000001011
100000000010000101100000010000000010001000100011010
101000000100100010101110110000001111101010010100100
001000000001000001100000000000101100000111010000101
001000010000100101010111000001001000100010101010011
000110000010100010001101000000001010111000010010000
000100010001110100000001100110100101011001001000110
001000100000000000000000011110100000010101110000000
100010100110000101000001000100000000010110001000000
000001100010100010000100001100001011010000010000011
001010001010001000010101100000000101000000000101010
110110100110010000000010010100000101000000001001100
100001000011000000000100101000000000000010000000010
100000001000100000101101010001010000000001100000000
000000000000000000001100000101010010001010010000001
000000000000000000000110000101000000110000001010001
110000001001101001000001000000001000011100011001010
100110000101110010100000110011110110001101001100000
000010000001000000100010000010000010110010000000000
000010100000010110000110010110000000100000000010000
011100001000011101000000000011100000100000000000000
001001000000011010110100111001000000000000000101000
100000000011001010010000011000000000010001100000000
011010000010010101100001011100100101000001111001000
001000010100010111001000011001000000010001000000100
010110100000000011011000001100010001101100000100111
010000010010000101000000000010000001001011000000101
100000010101001000000010011000100100000000000000000
