GRID 51 0 0 50 50
001000100010110010000101000100100000000010000100100
101010000000001100010110010100100000100010011001000
010000000011010010001000100100010000000000011100101
000100001010000000000000010000100001010110100000110
001000010100000010110100001000110001000001000001110
001100000010001001000101110001101000000001110010000
001000010000000001010010000001111001000110100000000
010101000001010111100000100100110010100001000110000
000011010010000100011010001100001000110000100100000
000000100001100100001101000100100000010001111000010
000101101100001000000001010100101000111000000000100
011010010000011010001101101010010000001101100000000
001000001000001010010101111011100110000000001000110
000001000010000100000000110000000100101010010000000
000000101001010000110110100000110000110010001110000
000000010000000000100001000011000011000000001101110
000010000000010011110000001100111010100010000000000
001000001010101000100001000000011000011001100011000
001101010000000001010000100100000111101000000010100
000000001000000110011100010000000001000110000001011
000000100000000100000010000000000000010000111001000
011001100100101000000000000001110100100001000000000
000001000000000100001001000100000100010101001100000
001000100000001010001101000000000000111010001010000
000010000010110000001000001000011011010000000001110
100000100111100101110000000000100001110000100101011
000011000000101010000000100000011010011100000010000
110010111000100110000000011101000000000110000010110
011000111000001010001000100001111010010000000010000
011100001000001001010101010000000100000010010001000
110111000010101000110001010100011000111100101000101
110001100101101011100100000000100001000001000100000
100000110100001101100000100111010001010000011000000
000000100011100000010010101000111010100111011000110
101111011000101000001100000001010000000000110110011
000000000000110000000100000001010000010001010000000
011001000010101001010100000000110000010001001011010
110110011000101100010001000000011110000010101000100
000001100001111010100000001000000010001010101010101
000011000000001010010010010101000101000010000100100
010010001010000000101000010000100010000010010010001
110000000001000000100010110110000100100100000001010
001111101011011100010000010000001111110010101000000
000001000100010000010101010001101010000111110010001
110101000000001010101010101011010101001000110111100
010010110010000000010011001001100000011000011000000
001000111010010001101000110111100001010110010000010
100101010100110000000010111101000000000000000100000
001111000010101010000100000000010000101000100000001
000100010110000110011000010000001111001110110000001
000000000000000001000010010000100110100000000000000
