GRID 51 0 0 50 50
010010111000000011010000010011000101000100011000101
001000000000010000000000000000001010001000000000000
001100001100000010000101011010001100001000000101010
000000010100000001010000110001110001010000111000010
000000001000000011010001111100110000001010101000100
010000000000001110000101011000010000000011000010100
101110000001011100100001100110100000001010100010001
110000101110001101000010000010100000100000100001011
110000000100101010000010011001000000011010000000011
100010100000101001000110000001000000011100000000001
100000000001000100100010111010001000000011110100100
001011010001000010000001000000010000111001000000011
010001010000000100000000100100000111000000000000000
100100001100101000001010101110100000101011000000000
100000011110111010001001000000110001101100000001001
000010000101001010000010010011100000000101000011000
100001000101010000101000000000000001000010010000011
100101000100010100001001001111010001011100010010101
000001100001000010101010001110000010001101000000000
000101100000011100000000000010010100110010010000010
110001000001000100100111100011000100000011001000110
101000011010000010100011001000111100010000100000010
011000000010101100000010010010100000000010110101110
011000011000000110000010100001101011000010010011011
000001001100011000110100101001001001011000110001100
010100100101011100000100000001000000100001000000000
000000000111011000001010010100001011100011000011100
100000000000000111001000010101000100001000100000010
000001001100001000010010101010000001010000000010001
010001101000101011000011111011001000011011000100010
011001101001000100010100010001010101000010100000000
101010100010000001010010010000010001100000000000000
000000000000001000100101000001000010000000110100000
110100110000000010101000000100101001011010010010100
011010100001000000000001011000000010101100011011010
100000101000100101000000000010010001100100110001001
011000000000000100000001100011010000100001010000101
001000001011000100011001111000001001101011000110000
001000101000110001100000000010011000000011010100001
000001100010001010000100101000101000000100010010000
101001001000101010000010001000101000100001110000000
000010011000000000010100001010011010011100011001110
101110010111100000100000101000100000000001101110011
000000101010100001100111111000101010000101010000100
100010000000000000100011000110010100110000100001100
111000111110000001100000010100100001100010010000010
011001111100001110000101001110001100010001001111100
011000100010100010000000101000010001100011000000001
101110000000000011101000110001110100010010000010000
000001001100000001100100000000101000101001110000010
101001010010111000000110000110101101101000000001000
