GRID 51 0 0 50 50
000000001110010110100110111000100001000000000001010
010100000110000110000010101000010010010110100000010
000011010000000001010110011000100101000000101000100
011001000001000000001110110000000100100010100110001
100000100000000001100000101000010010001011110010011
010010000010001100001000000000000010000100000101001
110010101011110000000111000010000001000100000001100
000110011111000000000000010000000001100000000110000
000101000000110110001000011000010100001000000101100
001000010111100000100001010101101000000100000000100
010000100000001111010000010001001101101010001100101
000010001011000010010000001001001000100011000000101
000100011010000011000101011010000010100000010001011
001010000000000100000100010001001100000000011000001
011001000011001000001011100101100101000000000100110
100000000001110010010100000010001010000001010000000
010000100000100100100011011100000001000100111000010
000000010100010010001100101100110010001011011000010
010010100000010100000111001000000101000000100000001
010100001101100100010000101001100111010001001111101
000110101010110100000000000000000101000011110000100
000101000010011011100110001011000001101101001000011
001110101000101100100100001000010000000001000011010
000001111000000000010001000010000010011000011000011
011110000101010000100000101000100001111111000000101
101101100000100010010000000100000110000010010000110
110000000001101001111001101000100000001110000001100
001000000000000000000110100000000000011000000001101
001000010101010101000000100000011001100010000000100
111000000010010100110000100000001000000000110110100
101000000110011110110010011001000011000100110100010
100100100000111100000000000001101100111101011010000
100100100110011100100101000000100010000000010000110
010100001101100000100000000001110000001001000100011
001001000100000010011000001110000101000100101000101
100000100111000101101100101000001100101011000111010
000001100101001000011011000000110001110000001000100
010010000010101101101000001000000010011000010001100
000011000000100000000000000000000100001000010000001
010001100010001001010001110100001100100010010000010
100010110000101110000110000010100001011100100100000
000000000110101101111000001000001000100111000000100
001100000110011000010001010010100001000000000010100
010100000100000001000010001000101111001111100100111
000100010010110111001001000100000000101011101000000
010000001000100101001011110000010101000101000001000
001100001010100101010011001011010100100000001101001
000000000000000010000001010001000001010100000100010
001001010010000100000101000010100000100000010110000
010100100000000110100001101000010000000111100010000
000001000101000000000111000100101000100001101000010
