GRID 51 0 0 50 50
000001010011010100101000000000101100100010010010010
001011000000000101001000000011110000010101011000000
110010001000101100001100000001000100101001111100000
000100001010000011000010100000000000001000001110010
010010000000100100001010100011000011110001010000010
101110011000100000000011000010000000010010000000000
100010100100000010000001000000010001000100001101000
000000001000010011011000001101000000001000000000000
000001110110101000011000000101000100111010010100101
010010010111101010000111001000010100000000111010010
010000000000000100100000010100010000000000111010011
101100100011000100000010101100101001101000001100100
000010001000011001001000001101011010000001010011100
000001101000000000001000000000000100001011001100011
000111000100010000000001010001110000100010100111100
111100010010001000010000000001101000100000000000100
110111000000110011001100000101000100110010101100000
110110100000001010100001000001111000001100001000000
101110010100101100011011000101101000000010010001001
111101001000001110100000010001011000011000010010000
010010110001100010011000100000000000010000000010001
000011100010100011001010001000000000010001001110000
101111011100001001101000000000000100000010010001101
100000100000110100010001010110000010110000100110100
000100000000100010011100100010010010000000000100110
100001000000001010001001000000000010010000101101010
111010000100010000000001010100001011001001010011010
010000100001011110000000011001111000000000000100001
110000000101000001001110001111000000000000100010100
100000000011101100010010001000000001110010100010010
000001101010000101011010000110110010010101000100100
000001010010000000000000010000001001000101101110001
000010011100001010100110100110000101101001110101001
001001000010000000001100000100000011100001000100010
001001100010000000001011000100010100011000000001000
000110010010000000000101000101111001100000001100001
000000001001011000100000011010000010100010111100000
001100101100010000110000100001001000010010001100010
110001010000011010000011110101010000101000000000100
100100101000110001101001100000100000100100000010100
000000000000101010001000000000011111001010000000000
101000010000100001000001010000001000100010000000010
100101000001000000000100010000010110000100100000001
110111001000101100001010100101000001000000010100000
000000000100011100000000100010001010001000100001111
100010101001000100100100000001000001000100101000010
001011000010001110001011000000111100000010101001000
000010000100100001100111101010001101010010100000000
111010010110100101000001100001100000100111000100110
001101100110010100000000000100001110000010010001000
001000000010011011000101110100000100100000000010000
