GRID 51 0 0 50 50
010010000100000101000000001000101010010000100110011
001000000000000000101000101001101001000000010010110
010100000110001100001100100100001110000110001010000
100101001010010100100100001001110001000000100101010
000000010100010011001100001101000011010000100000010
000000000000000100010100000000010001000010100000001
001100101010000001000111010000101000000101110000110
010000000010011001010001001001011100000001100000000
001000000000100000011110010101000010000010000001000
010010100110000110001000000100000100011000100011000
100010000001010110000000000010110010001001100101011
001000110000101010000000001101001001000000010010110
000001001010001001100111110000010000011100100000000
010101000000010000100110001000101000010010000011000
000100110110101000010100010010100000011000010000010
000001100100000011000000001000010100100101001000000
000010011101000000000000111011000000001101000001000
001010000000110100000000011000011010000000000000000
000011101101001010000000010100000010001010011001011
000000100100001001110010101000010001000000000010001
010000000001001001011000000000100010000101100001000
000000110000011111010000011001101100000010001000000
110000000100000000011010000101000101101000010000100
100110000001000100010000001000111100100000101000010
110000100100010000000000010010000000000011100100000
000000111000000100100110011001000010000000101100111
011000001010110000110100111010100000010000100000001
110000000000000100010001010100000000011010000101000
010001000010100010010010100000001000000000001100001
000010100100110010000111000001000000000001000011000
000010000000001001000001000000000110000100011100000
000000000000001000000011100101000000000000101000010
000001101101100000100101001000001101001001101001000
000000100001010000000000000100000101001100000001101
011000001000001010000010000001000001010101000011000
100101001001000000101000101100001000010000000000000
000001110100101000100010100100000001100000001100110
001001010000011001000001001010100000111100010001100
001010000100000000001100010101001001000001000100011
010000010000100010010000000000101010101000100001000
001000000001101010010010010000001000100000111011000
011010001010000000011111001101111101000000011001000
101001000001000000010001000000100001011000000101001
100100001000010001100111100000110000001110000001101
000010000000001010101001000010101001001000100110000
000110000001010000000110000000010100001001100010000
001100000110000011100000001000000010000010100010001
010101000000000100000100110000000000000101011010100
100000100101010100000010100111100000000000110000000
100010000000010100000010000000100110000000011100011
001100000110000001001101000100110001001100011000100
