GRID 51 0 0 50 50
001010000010000000010000000100100001100010100000100
101000000001001000001000000010001010100000101000000
111100110100001000001000000000000001101100111001010
000110010011110011101000000000000010011001000001010
000001000001110010000001100000100100011000000010000
000010100001000110000000001101000000000000000010011
001001000100100100000100001001000100000000010010100
100011100000100110101000001001101000000000011000000
000000110000100000000000100000000010100000011101010
001011100000100101000001111110001010001110000001010
110101000100000000000000010000111110011000000110000
001101000110010000100000001010101100100010000101001
101001000000000000000000000000010001000000000100010
011011000010001100100111010000000100001100010010010
010101010110100011101101000000001000001000000100100
000111101001101101101000111100000111010100000001001
001001000000100010000000001110111000100101001000101
000000001000101000110010100010100000100001011100110
100000000000000100001000110001000100110010100110000
110001101100010000000010010100001101111001101000010
100000000000001100000101101000000110001000010100000
000100110001000100100100011001000000000001111000000
001101011010000001000010000100000111000000011000011
000010001011110100000000011000001001001100000001110
001000000100000010111001011011110000000000000100000
110011000000011111000001100111010010110000101010000
010000000000000010000011000100100011011000010100100
010000110001100100010011001011100001010000100001100
000000000000000001110000101000110100000000101000001
000001100001100001000100010001000001000000100011001
000011000100010111000000001100001100010101010010101
100010000010010100001010011000101101011010011000111
101000010110000011111000111001011000011101001010000
011100000101000010010000010010100000010001000000001
010110001010111100011111000000000010001100010001100
000001001000111100001100110011000001000100001100101
100000011000100100000110000000000000000000000001011
001000001100010100100010110011000000000100000001001
111011101001000000101101100000011000001000010000001
011110000000011000100010000010110000010100000000000
010101001000010010000110000001111000101010110010010
000001101001100100110000000000001000000111101100000
110010100001000111000111010000100000000100100001001
100000100000111011100000010000110100010101011110001
100010010001111000000001000000000100010010001001111
010000010010100011001101100001000010000001011010100
011110000100001001010000000011000000000001000110100
011100000000010000000101000000101110001010011010100
010001100011100000111101100000111010001000010000000
010010000001001110001000100000000011100001110001011
000001000100000001010000000000101011111000100100100
