GRID 51 0 0 50 50
011101010010101011100000000111000000010000111000000
000100110001010100001100000000000000010001010001001
000001101011101000100000100010000100100000000000000
000000001001000000000110000010001100100000000000000
000001001111010011010100001010000000000000000010100
010010010010000000101000110000000000010001001100110
110000000000001001010110100010011000000000000000000
101000010001000010100010010000000100001101010000011
101100000000000000110000010011110001110000100100001
000010000000110100010010000110001110101110000100011
000010000110010011100100010110100100010000000011100
000010010101100101010010010010010000100000000101000
101011100101001000001100010000010000001110000000001
110000000001000100000111110011001000010001100010110
001100000011111110010010100000000100000111111010001
010000010101000110010000100100100011001100000001100
010000010010000000010001011000010000101010000001100
000000000000010010000100100000101010011010001000000
000110100101010011100000001100111000100100110100110
100100000001100100001000000100101000110000101001101
001010000010001110101110000000010000001100100110000
010000000000101000011000010001001000011111011001111
010000110010101001000000111000010101110101100000010
010100001100110001000010100000000000101010000011001
000000010010010000000110110000011001100100100001000
001110010000000010000100010000110100000111001100100
000000001010101101111100101101000000000100000000001
000001100101001000100000100101100000000000001011100
010100001011000000010000000000010001110001000011001
000110111001000010000100001000010001010000001010010
100100000000111000100000001000100010000010001101000
000010010010001000000010000000010001010011000000010
001001010010001100000000000000001100100001010000000
010011100011110010110100000100010100000110010000000
111000000101000100000000011111000000000000110011001
000010100000100001000001010100000000000011011100000
011001000100000001001010011000010000010010110000000
000100001100100000111000000001000100011010001001000
100000000000011000010001100111001000001000000000111
110001100010010010100100110000011110100110110000000
000000001010100110001000000100010000100110010100011
110000010100010000110011000010000010000010110000111
000001000100000010000011100000100000100100110110110
101001000010000000001010100100011001001000010100010
010100000001100100000000000000000100101010000100000
100000100000010101000001001100101101000000100101010
011001100001010100000000001000000001101000000100011
000000001101110011100010001000110001000000100001001
110010001100101000000001110100010000001110100000000
000010000100010011100101100010000000001000000010110
110100000100001001100000000000000011100000100000010
