GRID 51 0 0 50 50
001010000100100011010111000000010110001100010001001
001010001011101011000000100000001101000101101000000
001010100000000011000000111001101010010000000101010
000000000000000011000101000000000011101000010011011
100000010001100000110010000100010100000001000010010
101010001001001001001001100000110000011101010000000
010111010001101000001000000101001010000100100000100
001010010000010010101010100001011000000000001100100
000000010000000000000001000001000000000010011000100
000000110000010000000000100101000101010000001100001
011000101000010000010001000000000011000000001000101
100100100001100010001000010001000100000010100000000
101110110000000110010011011010100000010101100000001
100000000010010101000011101001011000000000100110010
000110000000010100000000001100100011110101100110000
000000011001101000110101010010010101000000001000000
010110100000001010000000000001010100000011010100000
010100100010000100001000100001101010100000000101110
101001000010000000101111100100010000001010000011000
001000000000011001001001110110100001100110000011010
000111000000000000001100001110000100111100000000000
000010101011000100001000000001000000000000000100000
000100000100101001110110110100001100011001010000101
000000000100000101001010110011000111001000001000100
001011000001000000101101100100000010001000000010010
000010111110011100010101010000010010010000010110100
001011011000000010000000001010100101010000000000010
100100100100100101000011000000000000100000101000010
000000100110000001000001000000000000000000100111010
000100111111000100000100000000000010000000000011000
001001000101101101100110100010001001001110101000001
000001100010001000100000000100000000001010001010100
011000001000000100010000101110010001000100000010100
100000001000000100000000101000000010111100000000110
000010001010001100001101010000100001000010001010100
000110010000000000000100111010110000000000000100100
010010001110001000000100010110111000001110000001000
000000001100000010010000001000000011011010011010001
000011101000000000010100000100100100101011010101001
000011010000000000100001011010010001000100000110101
110011001100000000000001100011111001001000000010110
001000110001100011010100000011111101000011100010100
111101100001001110001010111000000100111000111001010
101100000100000000000000000010100100000001110000001
010011000000110100000011001010101100000000011010000
100000100010010001000001010100100100111100001001000
010100100000001001000000000001000100000000001000001
000000000001011101100001001101110010001011000000100
010001110010000010010100000010101001110100011000000
011111100000001010001000000010011001100000100000001
100000000001101010011001001000011100100100000000010
