GRID 51 0 0 50 50
010001011000101000000000010100100000010100011011000
011010000010011001000000001010001010000010000001010
100000001010010110010101001001110101111000001001000
100111010100010001000000000000101001000000000100001
011000001010000000100000010000000010001101000010010
000011000011101011001100000000000100011000001000010
000000100011110000100100110100001011000000000000000
101000000001000011010000001000111000011100010100000
000010100100000100000001000000000110000101110101101
000000010000101001000010001000001000100000100000001
000000101100001010100010010001101101011000000000010
000000000101000001000001000010010000010110110100000
001101010000001010000010111110100110000001110100001
100100000000111000000001100011100010000001001000100
001101001101010001010000000001000000000000100000010
101100001101011101001001000100010011110001101001000
000100000000100011110100000000000100010100010001010
111100010000000110010010100000001010001000010000100
000000000011100001001000010001001000010000001100100
010100000000001010100000000010000100001100010011010
001100010000010000001000111001010100001011000001001
000001010100000000100110001100010100000000000010110
000110100100000000110000000010010100101000001000000
100010100101000111011101010000010010000000110001000
101101000101000000100000000100001000000000000000011
010100001101100010100010000100000011100000110000011
111000001110000000010000000000100011101110000000000
101011101000010101011000000000000110000000001001000
101100001001001011001010100100000001100100100001011
010100100010010000110001001101100001001011000001001
000101011001011010001110110000010010101001001100000
001000101001000011000101010001001000000011010111000
101000000010011001000101001010000001110000101000100
011101001001011001100001100000010001000010101010100
000000010000000001100000011000000010000010000000110
110000100111100001110000001110010110000000000001001
011100000000100010100000001000000001001100010001001
100010001001000010000010000000001000000000000010000
000000000001000000010010001000000100010010000010001
000100000010100100010100000001011110010110100001000
000000100011110000000010010110000000010001100001000
101001001001001000010100000010000101100000001110000
100000011100000001010001000000001010000111011110000
011001001110001100000100000000001000001000001000100
000111000001000111001011000011011100011010001010011
101000011101001000000001000100000010000000110000000
110000010100000001011000010001010000000000110100001
000110000100100000111000001000100000100000100000010
010010001111110000000000000100010101000000111000110
100010100100000111010011010001001111000001000001100
001000000010001001011100111011110001100000101001110
