GRID 51 0 0 50 50
011001100001000000000001000010000001000000110011101
010101001000001010001010110001011011001101000011010
000100001101000000100001000000001001001101000010000
001101100000010011010001000010000000100010000000011
010110011000001010100001000110000000110000110101100
010000110001000000011110010100000111000001010110010
000000110000000011001100001000001000011100110110001
100101000000000010000000000000000000000110110001000
100000110010000000100000010001100101010000100000100
110110000000000011000010001010000010110100100000101
010100110100100001000010010000010000100000000110001
000000001000100000111111010000010110010000000000000
000100011100110110000000011000000000000000001000010
111000000010010011111100110001000110100000100010010
000100100101000111101000100000001010001100001000100
001010100110000010110000000100001100011100000000001
110011011000110010000010011001001100000001000100010
100000101010001010000000010001000100001001011100010
000000101110101001010000011100100100010000000010001
101000011001010011001010001001010100000100000000110
001010000100101001010000000000000111010010100000100
000000000110000111101000000000110011001000000001001
011110000000110000000010000010000100000010000000000
000000110000000000010000010000001101011000000010011
000000000000000001110110000101011001101001000001000
000000101001100010010001000000000010001000000101000
111000001000010000110000110001100001000000000010000
100000000000110100000101000000011100110100010001101
001001110000110100001001110000000000000100000100001
000100010011000001000000010010001000110001001000011
111000011110000000110100011000000010011010001001000
000000100110100101101010100001100100110000000000101
010001010101100111100000111000011111100101000000000
011011100001010110100001000010110000000001000100000
110001000101001101101010000100001101010001000001101
000010100010100111000100010100010001001010000000000
010000000000000000000010010000000001000100000001000
000000101010010001001000010000001111000011001000001
010001000001110000010101000100100100010010101000000
000010000100001101000000001001000000010110000000001
001011010000000000000000100000011001000000000100000
110011000001101101001100000001000100001000010100010
001011000011010001100110001011000000011001011000010
000000000000000000110001000011000000110000000110101
001000001000010001000000001010101001001000000010101
000101000010000000001001001010100000001100100000000
100100010000000000010010000000000100000000000000000
010000110001001000100010001000000000100010100010100
001001000000100011010101010001001101000001001000100
101011000010111010101001100010000010000010100000011
010001101000100010000110000100101100001000111010110
