GRID 51 0 0 50 50
000010001100100010000100010100010110000011110100001
001011001001000100110001001110001100100101101010001
100111000010000110001000010001001000000001101000010
000001001100000110000101010000111111100000000000100
010111010000110101100001011100010000100111010011001
110000110000010001010011001110100100010100000000100
111011101000100010001000100000100000010000010000101
100010100000100000010010000001100000010100000000000
101101000001100100000000010100100000100111000000111
001101100000000000100000110100000000000010110001010
001010000000100001100000000000001001001000100000000
100010100010011000011100100110100110000000001000011
000001010001010111010110001001101001010011001000000
110001101000000111110001000101011010100110110000110
000101001110110000011000001000000001001001001000000
000000100011000110100110000000000000011100000010100
001010011000000010000000010100100100010000101011111
000010010000000001000110000010001000001000000000100
000010010000001000000001100010000101000000000110000
101011001000000001101011000011000111110000010001000
110100000000000010110000000010100011000001100000011
000101011001110100001011000010000010000000010000110
000011000010001000001000000110000011100000100110110
101101000100001100000001000100001100010000000000110
010100001111001010001000100100000001010110100001011
001000011000000100010010100010100000001001001001000
000100001010000010100000000000001001001000000100000
011100001100110010011100001010010100000010001101001
010000100000000000000000010110001000100000010011001
010000100001010100000011000010011000101110000011110
010100001110100000001001000000101011000100100000000
100100000011100010111010100000000010110000000100001
101000001000000000110101001111110110000001000101100
011110011000100001011011100010100011101101001001001
000011010000101000000000000011001001100000100100001
000010000000101000001000001000010001001011001000000
110000101001000000001011100001010000010101001101000
000010010000100000011000000010000001100010000111101
110010000010001001100010001010010010000000000000000
001010011000100000001001000011001000001010100101110
001000000001100000000000100010001001100010001000001
100000010000010100010100001011001000010010000000000
100011001101100001000100011010000001000000100010011
010000100000010101000110001000001100000000010000001
000000001000010000001000000011100100000001101010000
000110001101000111001001000011001000100101000000010
000000000011000100011000110001011000101100000000001
000001000000000000010011110100000010000110000011000
000100100010101010100000110010001110001100000000100
000000000000000000010100010010010010010010001011010
000100100100000100000101000000100010010000110010000
