GRID 51 0 0 50 50
000100001000001100011000101001101001000110100001101
000000001110000000001000000100000000000000100000010
001100000100100001100100110000010010010000101001000
011110010001000000001100001000001010101100000100101
010010000000101100000110010010100101111010001010000
000100000000100100110011101101111010110010010000011
100010000110101010000010010101000111011000010001000
110000000001101100000000100001110100011110000101101
000101100000100100100101111010100000011000101001101
100000000000011000100010100010000010000100010001100
011101100010011100000010000000010101101100100011000
000001010000000101000010000000110011100010000001010
001000011000000010100000010100100001000001111100001
100000101000000010100000100001111100101110100000101
000001010001011000001000101000100010110100000011000
100000100111010001011001110100000011001000000100100
000001000010101000101100000100111110000110000010001
101100110001100110000000001010010000111000100010001
101000001011010100000000111101000011110000000000110
000011010000101000110000110000001001000110100001100
000100100010001000000010001101100110110000100101101
101000100000000110001000001001000000000000000010010
001100000001110100111100001001000011010000001110000
000100110100100011011010000000010011000000100000010
001000111010011010001010100010101010001000100110101
110000000001100000011000000000000111100010000100000
001110000010010000000001001101001000100010000001100
000010000000000000000010100100000011000010101010010
011100000010001100111000101010000011000000001110001
000101001010110001101100001100101011100011110100001
000000011000000001000000001000000010100001010010000
010101001000110011000000100000101100010100011001010
100100100000010101001001001000000100100000001100100
001001000001001100101100000010101010100001100000000
010001000000000101000010001010001010010001101000000
100100100000100100101000110100000000000000010000001
011101010100101001010000000001000011111010101000000
100100010100001010001000000101001110100000001000000
100000000101001010111000010000000000101011111011001
011010011000101000000000010000001011000010001011000
010110011000010110000010100000011100001000000011010
010000000001110010001111000101110100111010000001001
001001001001101000110010101000110110000000000011000
011000010100001001110000000000000001011000001001000
111000010000000100001010110110100101100000011011011
011010010100100000011111010011110100110001001000001
100010000011010000011011110100001000000000001001001
001110001000011010001001001110000100000100000100101
101000000000101001000000000001000010001001000101001
110001000000001101000001100100000001000001100100001
000100100000010010111100010011110100000101100101010
