GRID 51 0 0 50 50
001100000111000101001001001100010000011100100010100
000010110010000000001100100100000011010100100000110
000000101100001000010001010000010100101110100100001
100000011000010000001000100000001100100000011000110
001010111100000100110100000111000001000000001001101
000001000010001000101001100000010000000100101001101
110000000010001000000000100101001000000000001000100
111010000110100011100001100100100100000100101100110
001000011000000110010100010100011000000000000000000
010010000100000000100000000001000011101000000100101
110000010100000100000110001000000000100000000010001
110010110000001000011001100001100000101000000001000
111000011011100011000010100010010000111001110001111
000110001010001110011001000101000000110010001000100
000001001000000000000001000111000000110011101110010
100110001000001100010110111000000001010000101000000
001000000000100100001000100101011001001001001000100
000000001000010000110000100100000100100000000001001
000000000000100111000010001100001000001010011001000
100010100100001000010001000010001001000010000000101
000010001001001101011000001000000001100000000001000
000100000101111001000011110000000010001001100110000
011100100010100100000001101000011011000000100001010
101000100010000001100000000010010110001111000000001
011100011111011000100100010111010001000100000010010
000100010100001000001100010101010100011001011000010
001101010010010100010100000000000000010001000000110
000000000000001100000011111010000010001100111100010
010100101010001101010000010000001100000100000000110
110000011011010101000000000000100000010100110101000
001000001010001110000010000010100001010100100000000
101010111000000001010000000000010010000000100001001
001000100100100100000001011001000010100010010010001
100100010011010000100000011000100100000001010000100
001001000000010001010001100000110010101000001000011
100100000000010000000000000110000100000100011000101
101000001101100111001000101100000100010010000000100
101010000110001001000001000100010100100000000001010
000000101101101010101011100000110110000101000111000
000000010001100010101010000000001100000000010100000
101101100101101011100000000110100001000000001001000
000000000001100000010100000000100001101011000100100
010000100011101110010100110000001000010001000100000
010000000110000100010000001011110010110100000011101
100000011000100001001010111010010001000100000000000
000000100000100110001000011010010010000101100100010
011000000000010110100000110100000000000010000001011
100111000100011000011000101010000111011000000100010
001101110010011000011100101011100110010010001010001
000110000000010000111000000010000000001111010100000
000110000010000010001000101000010010001000000000000
