GRID 51 0 0 50 50
000010000000110000100010001000000000100101100000000
010000010000000100000011001011000001100010000000010
010110000010001001001010100010010000000101000001000
001100111010110001001001001101001101101010000000101
000100001001000000010001000000010000000000000000010
000011100100001110101100001000010111101101101100100
100111000011010001100011000000000011010010000101010
101000010000100000001001011000001100011001100010000
000100001000001000100000100001011110100000010100001
010000100010000000101100000000011000010001010000100
000000011010110000000000001111011101000010000011100
010100001000010100010100000000100010110010100100100
000011100100001000000001100011000001010000000010001
100001000000110000000001001010110010001100011100000
000000000100000000010101000000001000100000000000000
001111000000110010010010000010100000001010000010010
010100000000100100000110100000011101010010010100000
011111010001000000010000011100000000000100001001000
000010000011000100010010000011100010001000101100000
001110001110100110010000000010111000000000100001100
000001000010000000000000000000110111000011001000001
101110100010000101001000000000000100000000011101101
110001000000010010000000000101000001100100000011010
001010010000000010001010100000010001010100001001010
011000011011111100000000100000011000011100000000000
110100110000100100000100001010010001000001001100100
000100010111001000000011010000100000100011001000000
011000010101000001000100010001110010010111010010001
010000011000000100000001000000110101100000001100001
000100100100101011001100110001000000000000100010000
010000100000001110100100000001000001100100000011000
000010000110011010010000010001011000101011000000010
100110101100001110000100001110010111100110000110100
000111000101001010010001000000000100000000100010110
011000100001000000010000100001000100011000000000010
111010001000000000001100101000000001001001100001010
001110100001000101000000000000000110110010000110100
000000000001010010100000000000000000000000000000100
000110100100000110001100000000010100000000000001001
001010111100011000001001000000110010101100000010000
110011000001010000000100110010000111001001000100011
000000001010000000000001011010110010001100000000001
000000110001100001000000011000001101101000010000111
010000000001000001000001100111100000001010001000001
010000111000000000001010000010000100000011001001010
000100001010000000100100001011101010100000010010000
100000001100100100110100000100000011010110000010000
001000000011001010100101001100110001000000110100001
000011010011100000110001011101100100010010000000001
001010101010100010000100000000000010011011111011000
010000001101110110110100110010100011001000001100000
