GRID 51 0 0 50 50
000100111000010011001110011001011000000000110011001
001000000010100101000011001101101000111000010000000
011000011010000110000010111110000110101110000010010
100001000100001000110110101000001000000000100100010
000000101000000000110010100000010010100011010000000
101000000101001100000000011100001000010000010000101
010011110000100101010001100000010111101000010001010
010010000100001001001010000001001100100011000001110
000001000101100010101000100100000001001000010010100
000000000010001000100110010101101000001101010000000
010000100000001010100100011000101001000000000010100
001101100010110000000000111100100010000100000000011
001001001000010000000110100000000100101000101111001
000110000100010011010000100101000011000100010000001
000110001000101000100000000000100001000110010100011
000111010000000011000100000010011100000000000010000
010000000101010100000001010000000010010000001010000
111000000000000110010111001000101111000110000010000
000000000100011000010000010100001111100000100000000
000100100001000001001000000101011010101011010000000
000110000000000001010010110100000000011001101100011
000000000111100000000000000011011100010100010000000
011000010001010000001000101110000000000000010000000
000000000000011100000010010001000010100000010001100
000110000010011010100000100101001100010000001001000
000011000011000100000101000010000100001101000000101
010000001011001100000111010000110100111001000100000
000000000100000101000101110111000001001000010000100
000110010001000010000101000101001011111000011000000
010001000010001101000110000000000000000011000000001
110000101001100000001110000000001000100100000011100
000000000000000000110100001000001111000001010011011
011010001000000001010001011000001010001000001000010
000000000000100011110000100101010111000000000111100
100000100100000001010100101000010100100100100000000
000000001010000011000011110010010010000011110100010
100100000000000101010001100000110001010111000101001
001100110011111010000010110010010001100000000010000
010100000000011010001001010010000101001110100000011
001110010011000110010110001011001001010001011010100
000110100001010010000100000010010001001001000000001
100000011000000010000100001000000000001100011000100
101000010101011000000010100000000010000110100101000
100001001110010000000000100000000100001000100110100
100011000110110101000101010010100000000000010001000
001100010001001110101000000000100010100001000100010
100000010010011001000000010010100000011000001000000
100100001111101001100011010010000000100100100100001
000010000011011011101100000010011111001000000000001
010110011000000100100011010000100110010001001100110
000000101000000010000010000000000010010000111000000
