GRID 51 0 0 50 50
000001000100010111001010100001011000101101000000000
010001000001110000001000001100001000010001011010001
010000011000001110101000000000000101000101000000011
010110101010000111001000001000100110011000110001101
100000010001010000010011001100000000001000000001000
100001011110000001010010001000100010011010101010010
111000000001110000000010000010010001000100001000001
010100000100000001011000110101100110001011101100000
000001000000001100010000000010100011011110011101000
000011010000000000110101010010010000100101000010000
111010100010000110110000010001000010001000000010101
010000000111110001000001000111000000010001111000010
010000000000110000010011010000001000110100100000000
101000010011000001010100000101111001110000001100011
010100101011011011000101001000001001000010011110001
100100001110000000001011000000010010100000001000011
001011101100010101001000000010001001101000000011100
000001110100000010101000000001000000000000000000100
000000000101000010010000000010000000010000000000000
101000100000100000001000100100100000101100000000000
000010101110010000000101000000010011110110000000100
000110100000000000000000000010010111011000101100100
001000001100100100000000000001101000000001100100010
000000010000011000000011000000010000010000001000000
000100000010000100000010000010100001000000000100001
010000001101000101010010010101000010101001000110001
100101001001001100000011100110000000010000101000100
000011110110101110000001101000100100001110110100000
000001110000101101011000000100000110000000010100111
101001000100010000000000001000000000110100000110001
000001000101110111011100101100000010011000001110101
010000101010000100111110010100010110110100000001001
010100000110100100110101000100101110110000100001001
000000000100100010000000000011100100001111010011100
000000111101000011001000001101011100010000101101000
100000010000000000101001010001011000000001100000010
010000010010011000000000010110100000010100001000011
010000000011010110010001011000101010110111010011101
000100010000010101110110110011000111010001100001010
011101010100000010000000000000011001000111101010000
110000000001100001011010000001010001010001000000000
001001000000110000001000001000101000011000000000110
101000000001110100000100000000000010000100000001000
000101001000010011000000000000111001010000100000001
001011100100000001101001010100010000101001010001110
000001001110101010000000000001110100011101000000000
000011100001000000000100000001100001110001010000010
110010000100100000000001011101000000001100000010000
111001010010100001000001001010010100100001000000101
001100010011101101010011010010011000111001110110000
000100100001000010101000100101000000110100011110100
