GRID 51 0 0 50 50
011000010000000000000110100010000000011000010000000
001011000000011000111001000000011101000000100011000
010001000010000100011001001000110000000010000100000
000000101101011001000011100110100001000001010010001
110100100010001001011001000000000011001001101110100
001000010100000000001100000001000000010000100000100
000110010011100101000001000001000101010010000000000
000010100000000000000000000010001000001010101100011
101100000100011110011010010010000000000110000010100
000000011100010100010001100000001101000100010010010
101000111101101111011001001010100000000100000001100
100010011000001110111100101000000000101111000011000
000100101001101100000011100001010001100001001000101
100000000101010010000100100110100001000000000000110
010000100000001010000100101000000110000001011000000
000000011111101100011000000101000010000000000010000
101100000101001000001000001000100000010011010010111
000100000000011100001010110010000000010101100001001
000101000001100011001000100110110011001010000001000
001000100000001000000101110011000010101000000010000
000000000010011100000101000110010101000100100011000
001000000010011000001000000010100011001101000100110
000000010000000000010000000001000000100001010101001
111000000000001001000100000000101100010111000000000
000100000101101000011010010000100010100000110011000
001110010000110100100010001001010110001000010100001
100001000000110000100100010100000000100001110000100
011100010000010010000000100111011000110010000010010
001001100101010010000000100001000001000001100001001
101110000001000000100000010001011010010000100101000
001101000101000000011010000001100011100010110000000
101001000000111110001100000100100100000100011100100
001000000001100100110010000010010100100110000100000
000100110011001100000000000010000000000010010010001
110111111000101000000100000101001001000100001001011
000101000011111100010000000000111010010001100001001
101000000001000000111001000101100110000001110011001
000010000010010000000101000000000000010001000000100
000000101010000001100000110101110100000000011000011
100000000000000001100100001110001000000000000000101
010100000000000101000000000010010010000001010101010
001010001000010000000000010001000000001111010000001
000001100100000001010010110000101110001100000110110
100010100011001011000010000001001100000000001100110
100010000100001000110000010001000001001000010010000
000111110000000010000000011000000001000100011000000
001001000100000000100011001100000110000000100011101
001100110100000111101000101001001110010010000010101
010100001100110001000010000011100100110101010100011
000110000000000100001010010010000110001000000100010
000100101000000000111000000000110010001111010010000
