GRID 51 0 0 50 50
000001000000010101001000000011000000000001100001000
000000101100010100001011010100100010100001000011011
100011011000001100011001100001000000001000100010001
010100000010110000001001001110100000001100101000000
000000001000000000000101000000110010000101011000010
000000000000010010001001000000000001000000000000011
000000100110110101111000000110010010010101010000101
010101100000010001100000111001001010000010101111000
001010001101010000000100000111001000001100100010100
100001010011101010100000110011101011110000001001000
010110000001010101000110001010001100011001001101000
000101111000111000000000001001001011000111010001000
100100101000111000000011000010011000010100000000110
101100000000100001100000110100010001111110100001010
100110010100100010010001011010010110110001000000100
001000000111001010011010001101100100100111110100001
000100000000100001000000110101110001000000000001001
000000000100101000100100000001010001000000000100111
100000100000000011011001100000000000100001000110001
010110001110010000000100010000000100001001001100000
000000100000001000000000010011000000100101100000000
110011001100101100010100010110110000001110111011101
101000000010000000101001001110110100100001100011101
111000111010000000100011001000000100000001100000000
000101011001000000001010000000010001110000010101000
000000010001001100000000010101110010000000000001000
100000001000100110010001000000100100010100100100010
000110000100010000100010110000010011000010010000010
001000011001000001100001011001000010010000010111111
101000000000000100010110000101000000110100000000000
000000010100010011000011100100000000110000000010010
010001000100000000101001001100001100001010001001001
100000011000100000000101100000000001101001010000100
000111110100100001101000000010010000100100000010011
100011100001111100000101000101000000100000001000010
000001001011000010000011010000110001110101001000000
100001010011000001000110101010000001110110000001101
000001110000001000000000100011000101000001010110001
000010001000101101010010010101010100100000010100100
011000101000001011000001000001001000010000100101000
011011010001010011001001010010011010000001100100010
010000001010000000100000001000000000000110000110001
000001000001000000001000101010000000010100000010010
000000001001100000000000110000010101011000001000010
001001100011000000011100000000001011010111100000011
000000100100001001000000100001101001000011010110000
001000111100000000110100010011000000101000001001010
100100000010000011011000101010010001010000000100010
111011001100000100010000000100000000000000010010000
001001000000010001010001000000011010000001110101101
000010000111100000100110011110000101000000100100110
