GRID 51 0 0 50 50
000100000100000100000110000001001011000001001101000
001110000010000000000100101000001000011010100001100
010010000000100010100000001000011001111011100000010
000000001000000000000001011010000101101010010110100
001001100110000010010011000001010010001100001000000
100001000000100101001100100001000111000110001010100
100100111000001000010001100000110000000001000010100
000000000000011010000101010010110110000001010010101
001100000011000001100100001100100111000000101110000
000000000011000000001000001011000000101001100101010
000100101110000011000001000001010000000100001100100
011000101000110010100000000110011000111001000010100
010000100001000000000001001101100010101001000000000
000101011001011000000000101110000101000000000111011
001000000101001100100001001101101001111100000000000
010010100000101000000000000110000001001000001000010
000000110011000000000000001010000001100000000000100
111110110000000000010000000010000000010010110000100
010000001000010001010000000010011010001000001000000
000010110010110110000000011101101110001000100100001
001110000100100100110000000100001001100000100001100
010100011000110111100000010010010001101000101000011
000000001000000100000000100010110110100000001000000
001101000010000100000010010000001000000001100000100
111010010100001010000010001000101100100000111000101
000000010000000000000010000000000000100100000001000
101000001011000100100001100010111000000010000101001
011100000100001111110000001000001110000111110001010
010011001110010001111001100000010010010110000000000
011001111110110110111001000000001100000000100000001
001000000000000010001000010010000001100100110100100
000001110000100101100000100110010100000001001000010
000000000010000101010000001110000101000000001101100
010000100100010000011000001010100011111010000100100
111000011000001001110001010010000010101000010000001
011100001000001001000101000001000100001000100100011
000000000000100000111101100000000110011010000110011
000010010000010000111000100000011000010010010000001
001000110000000001001000000100010100000001001000010
111010000010100000001100000000100100001010100110100
010001000000101000001010100011101001101011001000000
000000001011000010100100011000100001000000100100011
001011000000000000110010100100000101000000010000100
000000001000110000000000000100010000000110100000100
101010011000000000000000000000001000011000000011000
111000000010111010010100000010011000000010010000100
100011101110000110001101010100000101110000000111000
010100000100110010111100110000100110001111010101000
000001010100111011101101000001101010101000111010000
000011000101000100010001101010001011100010001010001
100000101000000001101000000000100000100101010100000
