GRID 51 0 0 50 50
001000010000011101001001000010000010110100010000000
010010000100100011000000000000000100011110001000100
000000010111100001100000110001000000110100010010010
110110000110101001100001001011001000000101101100001
100001010000000010000000010100101000000010100100010
010100000001000011000010000100101010100010001010000
010100101000010101101011010011000000100000011110000
011000000101100010011000011100010100101000010011000
000000001110101000001000101111011000000010100000001
001111010010011101000000000101000100001000000010111
100000010000000000001000100000101000100000000010010
001000000000000000000000000110100101001000000100100
110000010000001010011001011011100000101010001100001
010000001011100000001111000000110011110000001000010
100101001010000110101100000100101000001000000000001
000000010001001001100000000000000011101101110100000
000101000010000111000101110000001100110000000001001
010100111000000000000011010011001100101000000000100
000000000000000001100010001001000000100000101000010
101010100011110000010000010100101111000011111100100
000101110111000000100000101100100110010000100000010
011011010001101001100000001100100110100100000010100
001110100011110100101000001000110110000000111101111
100110000111010110100111010100000000000100100101000
010001100000100101001001000000000000101001000111001
000100001100001000001011000100010000000101000101000
101010000000000010010000000001000010000100110010100
110001010010010000101100010000111000101000001101001
001001000100010000011000010001011100111000001101010
000000001100110000000001100000111110000000000010011
000000100000111011001000000010000100001001100001011
010000000000111101000000001011000000000011000100010
010001001110001000001000001010000001100001000001001
000100110001101000110011001101000000010010000010001
000110000100000100000001000000001010001001101000000
010001000000101100000100101111100000011000000000000
001100011110001000000100110101001001000111110101101
100100100001100000100010110011000001000101000010001
000000000011011010000010111100110101000001010111010
001100000010000000000111010000000000110010001000000
110000101100001010001000010000011001000010000000000
100011001000010100010111011001000000000100110000010
001101110100101100100000001001001111111100000001000
010000101000000000001001000111001001000110010110010
110111010000001000001000000010011000100001100100000
011010100001100101000000010000000010011110000011001
110000011010100000101100111100000000001100010011100
011001000001000010111000001000101010000100101101010
001000111000000010011110000011001000110011010000101
001101000100000010001110100000101000000111010100000
000000000000110000010001001001011010000000001001110
