GRID 51 0 0 50 50
010110101110000001000100001101011011000010000101000
000000100000011100100010101100000000001100001011100
001100110010100001011000000000010100000000100010010
010000010000011110010100000100101001000111100001000
000000101000011100010100011000001001010100100010101
100010111101100101000000101101101010011000000000000
111101100000000000000011010100101111010000000001010
010110100000010001000010111000000101001000101011100
101100000111000001000000001100010001010001000011001
110000000000110001101010001110101000001100000000001
000110110010000111011100010000110001100001010000000
000001110111110010011010110101110010111000100010101
000100101001010010000110111010010000011000000000000
000000001000000001000001000000100011010111000101000
000001000100000010111000101100000001011110100001010
100001000100010000010100000000000000010010010000101
100010111000010010010100111000000110010110100100000
000101001001010100000000111001000100000010011001010
010001000001001000110001010111100010010001100001010
100100110000010000000010100001100011000000101010110
101001000100101100010010010010000100000001000001000
000000101010001010001011100001000000100100000010001
111010000111010000000000000001001111000000000000000
110111100001100110011000010010001101001000000001100
001100011000010010001000111000000000001010101000001
000001000010000000000010110000011010001000110100111
000010001011100000001001001100111000000000000000001
100100000000111000100111101010100101011001100100011
001010010001001001010010010100110000100001000010001
101011001000001100110000010000001001000110000000000
000101000011101010000010111000001000000001110101100
100100100000001000100001000000000010000001011000000
100000111011000001011000000001000101000000000000000
100000100001000010001010101001111001001101000111100
000101000000110011010000100000010000010000000110001
010000000000010000000110011100000100000100010000011
000010000000000000000011110110000000000010000001000
000000100001011001100000101100010000010110010100011
100101000000000100000010000101010001000000101000001
000110001111101000100110010011000100001000110111100
000001000101001000010000010000000100010001000001101
001010001001010000100010110001010110001010100000100
000110001000001100000000000000001111001000000100010
100001011100011000000000100100000101001001001100000
000000000101011001010000000100000011001001001011001
001000000100110000010000010100100000000000010111011
101011011100000000000100100100101000000000010011000
001000001011011101010101111000100001110010100101000
010000010101010000010000100010100010010011100001111
011001000001010000000000001000100100101001001000001
001000100100100100011110100010011000000110000001000
