GRID 51 0 0 50 50
000000101000001000000000010000001010010010100000101
011001010010001000100010101001000100000000010110110
000010011100010000010100001111011000100100000000100
000011100000010000000001101000011010100000001000000
100001000010010001100000000101110001001010010001000
000110000010100001000000010000000011100100000010010
000001010001100100000000010011100010000000010101100
110000110100001001001000000000011101000000000101001
001010011111010100000000010111001100100000001010100
000000100100000001101001000000101010000000001001001
101000011100000111000000100010001001100000100000001
101101000000001111001000110011000000000000010001101
110000010001000001000101000011101010011010110110000
000001000000010100010011010011010011011101000100100
001100010101001010010000101000001000000011001011111
010010001110011100000101100110000000100000000000000
011000101001000000010010001101000110101000110001000
000000100111100110100111000100000111100110001010110
000000100011001010001000010010000000000010010100000
010010000000000000111000110100000001101011010010110
100101000010010110101101011100001100000000001111010
000110010101000001000000000111001001111000011001000
000010000101010010010010011000100011010000101001000
110000000000000010111101010110010000000000010010010
010000000100110001000100000000001100101001101000000
110000010010010000000000000110010101100000100000010
100110101001000010000011000000100100001110100100010
000010110000111011010001111000000000000010001000000
010100000011001100000000001100110000011000111100000
010010110001001000000000101010100101011100000010010
000100001000000010000010101000010100010000010010010
000101010010010000000011000000101000100000000001000
001000001100010001001100111100000000011000100000011
101000010000011011001000010010000001011000101010000
010001000010000101010001100100010000010101010001101
100000101011101000100100100001000010000011000000101
101100000000000001110000100100010010000010001000000
000101010000101010010000000100110000010100001000000
100000011000100100010000100010011000010010010111000
001000100000010011001000000010100000000101011100000
001000001010001010100000001010000000000110010100000
101000110010000100100001100100001100100001000010001
000001100001000000011101110000000010000000101000100
111101100000000100101000001000100010000000000000000
000001000000010000011000010100110000000000011010001
000011110010000000000000101011010001101010000001101
001111010100000100001100010100000000010100000110000
010010001100000100101100000001001010000100010110010
000110001000000110100100010001010001000010000000100
101000000001001100000000011011010010000011000111000
000001011011000000001011110100010000110110000010010
