GRID 51 0 0 50 50
010100011000000110100010000100001000010111001011100
110010101001011001001001000100100000001000001000100
100000000000010001000100000000000101000001101110010
111001100000000011011101000100000101011001000000000
000001100100010101000000100101000000010000000100011
001101000001010010000001001000000000000101011000010
000001110000000011010110000101000001000101110011001
000000010100000100001001010000010000010001101100001
000001011010010111000100001000001100000000000000001
000001000100010101100000000100000011001110000000101
010001010010110011100000110010110000000000100010010
000001000100000110100000000101100000101001000011001
011101000000000001000011000001100101001001101111110
000000010000100001001001100001011000111001110010000
010100011100010101001101100010000000010100001010010
000100000000001011001110100110000110000101000000101
100011000001010011100110000100011000000010000000110
010011010001010000110000011000110000001100000111101
000010010111010001001001110001101010000100010101001
001001000010001000001000100000111010010011000100001
010101000101000010001010000101110001011000000000000
000010101011100000011100101101110110001101111100100
000011010000101000110001001001011000001001110000000
001011010010000100100111100001000000110000000000001
010000011001010000010100000100000000110001000111000
001001000010011100010010100110100001100000010000010
110000110000010110010100010001000000100000011101011
000100000001000100001011001011100010010010000000010
000100101000010011001010010100000010001100011001010
100001001001001010001000001100001000000000100000001
010000110001000001010010000101000100000010001000010
110010010000000100111101000000101010000101010010000
111101000000000000001000000010110111101010000000011
110000010100000011100011101000000000000100001000010
100000110101100110000101101001100000100010000001010
010000100110011001000000001100010001110000100000011
000011010011000000000010110000000000110010000000001
000011000101001110000000100010010100000111111011000
101011010011001000010100001100001001100000000100011
000110100100010010110000000011001001000100000101010
000001001100000010001010000000100010001000010100100
100000001000000001100000100010010010011001000010000
100100101000001110000001010001010000100110100001100
010011001100100010100001100010001001111000001000001
000010000101010000000100100110000000010011010010110
010000100001000000010010101010011100100110001001110
001000101010000011001000000110100100110100000000000
111011010001000010000010000010100110000010110001000
000011011111100100001100001100000010110000011100111
100100001000001100001000010111100011100100000010100
000000010110010000000000000100000011000000011111000
