GRID 51 0 0 50 50
001000010100010010000000000101000010000001100010000
000011100101011000000000001101010100000101110010100
010110000001111100000000010001100101001000000101010
000000010010100010010011000100100010010011000000000
001000100000010000001000010000000101000011111010100
100110000100001010100010100101110010010000000110101
100000011110000010010000111000010000000100011010000
000011001000010100000000110000001100011000001000111
001100000001000010001000001010001000010000101101111
111010000000000100011000000000011100001000101110000
000000000100000010010000010011010000010010001101010
001011001000010010010000000010100000001000100000000
100110000000011100000001000000000101001001010001010
100010000001100000000010000100001000000000100010001
010110101010010000111100100100000000010110011100000
000011101001000000100001000001100000010000001001000
001100000000000010101010010000001111000100000010011
000100000100001011000000000011110000001100000100100
010010110010000000000001000000000000000100001110100
000000000001001000000101101100010010000001010000100
000001000001000000010011100001010000000001100010001
011100010000110000000000001100100010000000000000111
000000000000100100001011000000100010010010001010001
000000110010011010000000111110100001000011101100100
001010000000000000000000100010001010100000010001001
000001000101000000001001100000010001010000010000000
001000001001010100010000010000010101100000111000000
000000001101000000000000110000001000001000100000010
011101010100010100110110000000100100011000100010000
010000100010001010011000011010010001001110100001010
000000101001110110110100010000001001011101000001000
000101010001100001000110010011101000000100010000000
000101001100110110001000000000100000001111001010001
100110000011011000001011000010100001000000011001011
001000100010100010011100111110000010001010110100101
101000010000100001010010000100011001001000010000110
000010010010110010011100010000100000000100000000000
000010000001000000010010011100000011111001010100101
001000010101000001000000001100110111000101100001100
000011100001100000010011010001000100000010010010000
110110010000001100000011001000110010010100010010010
000011001101101000000001010000100100101010001100000
000110001000100000000101101010111010001010001010101
000110000001011000001100000000001000100101010100010
001100111100010000010000010101111110010011110000001
110111100100000000011010010001000000010010010010110
001110000000000000011100000010000101011110010010100
000000100010110101010011110110100001000010100010000
101001000000000100001000001000000000100000010001101
001001100111001000000100000011000001001010000000000
001001100011000101010000001000110010010000000110110
