GRID 51 0 0 50 50
001001000010001010010001000010010000000101011000110
101100000100100010100101101000000101111000110010010
000000001010000000000100011000000001000100001110000
000001000011010110000110100010100100100000000000010
010000000001100010101000000010111000000000110110001
101000000101110101001001110000110000000010000000100
101100001110000110000011101100000010100010000000001
000010100000100010000110011000010000000100110100010
100000001000110000000010000001000000001000010000110
000010000001000011011010000010000001011010000101000
010000010000100101110001010000000000010001001101001
000000010000000100010011001000010000010001001000000
000000000000110100100001010001111110000011010001110
101100000001100000011000000000001101000000110011000
101101010100000001100110001010000000000100100010101
000000001000000111000001000000010000010101000010010
101000000100000010010001010001010100100001111010100
001010110100001011001100000000000010001001100100001
010011010100010000100111100000111001000001100000001
010000001001000110100001011000100001110011001000000
011000010100000100000001001100000000100000110010110
001100010010010000001000101111100010100010000001000
100100100001000001000110001000000000011000001110011
110000110000000011100000101000111100010000000000010
000000000010001001000110011000101000000100101010100
100000000100100000100110001110001111000100011110010
001000100010001110110111010000010000100000000001000
000010000000001100000100110100010011000110100110000
100010000011001000000001000101111000100001010000010
000100100100011000001001100100001000000010000000010
101000100100111110010000011011000001001001101000000
000101000000100001100110100000001010011110100000000
000001000110001100011101001010010001001001010001001
101011010011100001010110000101001000010010001000101
110100010010110000000000000000010011000001000000100
100110000000100100101010100010001100000000011000011
101100000010110110111100100001001001010011100000000
100101000000001011000001010111011110010100100110000
100101000101000001011010011010110010011011000101000
100100001110010000111101000000000010110110010000010
100001100001001101100000010000001000100110000000011
000100100101111000000011101000000000000001010010000
001000000110000010100000101001100110011010000001000
101100100000011110011010100000000001000001001001000
110010000001010111000111001100000010010000001000011
001010100000000101000000111000011111011100100001000
001001001000000100000111100001001100110000000000100
010001011100001011101000110001010111001100011010000
100110011010010100100110101110000001000000000110000
001000000100011110000111000000010011001100011001010
000001001000010010110100100100000100001000001010000
