GRID 51 0 0 50 50
011100101010100001000111100000100001000000000010000
100000000100000100110100010110010000100000000100100
001111111001001000001000000000000100101110001000001
100011000101011010110101001001010000111011010100010
000110001011010010000000001111000010000011001110010
000100000110000110011111010000100100100010010000101
000000101010001010010100000111010101100001100010000
000011010010000100000110000000001000000000111110110
000010100101101000100000010100000011100000110000111
010100010000001000100001111000101000001000011000011
000001000100110100010110010011000100011000100010000
101101100010010000000010001100001110001010100000000
000000100100101101100000000111000000000000100000111
000000001000000100110011000101100110000010000000010
001100000101101000010000000100011011100010000000001
010000011010000000101001001010010110011010011000110
010000001000000100100010010000011001110001100101000
001010100011110010110111010000000110110111000010100
010101100000010001110100000010001000110101000100011
010001000110000000100100001100100000001000010000111
110110010011000000011101001000000000000111101000101
000000000000100000000000101000100110011000000110001
111001000111111000101111100101000010110001010011111
010100000000101010100000000000100000101000000000000
000011010010000000010000000000010101000001100011101
000000001101000000100000010011011010001001011000000
000101000010000011000000000000011010100001000010001
000110100010000000011010110000000000010010000100110
000001000100110000100000100001000100000010010001100
000001100000000010000000010000000000110100000011001
011100001001000000001001100100010010101000010110101
010000010011110100011100101011010010000100000000001
100000000100100010010111010000100011010000100110010
001000011001000101001000100000100000100110000001110
100010011011000010110100011100110000010010111110110
110000001000000011010000100101001000100000000110000
100000100010001010000000111000010100100110001011000
001011000010010000000000100010110001000001001000000
100101010010010110000001000111110110000100100001001
000010000000010100001001000000110000111001000011010
000101000001111000010000011100001100110001010000000
000110100001001000100011100001101010101110000110000
011000000000000000010000100000100001100100000000011
010010000011110000011000111000000000000000100100000
000000010000100000011000000100100001010100000000000
000010000000101000000000001001010000001000101001010
101000000000110110101001100000001101101000001100010
010001010010000100100001001011101101100101001000101
001110100111000000100000011010010001100000000001101
010000110110000000000100000000000101000001000110001
010010000010001000000100011000001001101001001001010
