GRID 51 0 0 50 50
000001100100000000110000000000101000000000000001000
111010000000011010110011101111010011001011100100000
010010000000011001100001100011100011000100000010000
011001101000101000111111100001001010010000010010000
101000100000001110010001000011001111101101000100100
110000010000000001000100000100001010110001000001100
100000010000001000110000000000100000001111001100000
010001011000011001001001111101100000000010101000001
110000100011111010101010000000001110000000001000000
000100000000100110000010100110110000000000000000000
100011010100000001000001001100000000001100011000001
101000001010001000100001100000010001000000001010000
000010001000010000101001001101000001000110101010000
000110000010100100010001101001010001110000010010000
000001100100010101001000111010010000001101100000010
000000100101100001000011010000000001100000101000101
101100100000111100100101000010010101001000001010010
100101001001100000000101100000100000111010001001001
000000001100010101010100001001001000111000000000100
000100000010111100010000010000011111100110100000000
110000000010001001000000010100110000000100010001011
010110001000001001000100000010000101100100100000010
101101011010000100001001000000000110000010000001101
001000001100000010000100000000110000110010000100000
100010110111010001000010001110111001100010011101100
000100000110000000010000000110011100010010110110110
000000001110001100001111000100000000100100000010000
011010010000111010100101000000000010001001101011000
110001001000110011001001011001111110000010000000000
011001000011111000001111010001001100010100000000100
000111000100011000011001110000110000010000000111011
010001000000001100010010110101000001011010010001000
001110000000000001010000000000100000100000100000000
100100001101001110010001110000000000000000000110000
010100011001001010000010000000011000010001100010000
000101001111101011011110111000100100001101000000010
000000000010000000000010000000010000101000000000100
010101010101100100000100000101000110001001000000000
000110100010100100010010010111001000000000001100100
011111001011000000000000110100100000001100100010000
110101100010000101110111010100001010000000111000110
101010101000000000000001000000000011100001100000100
000011010010110000001000100010100100101000111000000
010000010000010010000001110110100100001000111010101
100011000110010000111000000001010010010100000000001
000001010000000011010000101001011000010000000100011
100111100000000100111001000000101100000110000010010
111110010010001000101000100011000100000010010010011
000100101001100001001000010000101100001010101010011
101100000001001010000001010000100100000001100000000
111000010010000010011000100001010011100101100000000
